gross_margin: 0.12087400000000001
oper_margin: 0.071438
net_margin: 0.065434
roe: 0.0
roa: 0.036016000000000006
roic: 0.0
rev_yoy: -0.015396000000000002
eps_yoy: 0.08143800000000001
fcf_yoy: 0.07698
current_ratio: 0.0
quick_ratio: 0.0
interest_cov: 6.580612
debt_equity: 0.0
net_debt_ebitda: 0.13226
fcf_margin: 0.057558
fcf_conv: 0.158302
shares_out: 0.0
buyback_pct: 0.0
price: 156.6733
pe_ttm: 24.366536
ps_ttm: 0.0
pb: 0.0
ev_ebitda: 0.0
ev_fcf: 0.0
